<?xml version="1.0" encoding="utf-8"?>
<svg xmlns="http://www.w3.org/2000/svg" viewBox="47.931 23.427 421.773 421.773" width="421.773px" height="421.773px" xmlns:bx="https://boxy-svg.com">
  <defs>
    <linearGradient id="gradient-0-1" href="#gradient-0" gradientUnits="userSpaceOnUse" x1="262.476" y1="193.727" x2="262.476" y2="349.968"/>
    <linearGradient id="gradient-0" bx:pinned="true">
      <stop offset="0" style="stop-color: rgb(7, 139, 240);"/>
      <stop offset="1" style="stop-color: rgb(31, 239, 249);"/>
    </linearGradient>
    <radialGradient gradientUnits="userSpaceOnUse" cx="222.46" cy="264.898" r="36.103" id="gradient-1" spreadMethod="repeat">
      <stop offset="0" style="stop-color: rgb(0% 0% 0%)"/>
      <stop offset="1" style="stop-color: rgb(0% 0% 0%)"/>
    </radialGradient>
  </defs>
  <rect x="47.931" y="23.427" width="421.773" height="421.773" rx="30" ry="30" style="paint-order: fill; stroke-opacity: 0.14; stroke: rgb(0, 0, 0);" transform="matrix(0.9999999999999999, 0, 0, 0.9999999999999999, 0, -7.105427357601002e-15)"/>
  <path d="M 248.935 132.761 C 253.521 133.777 258.054 134.927 262.572 136.212 C 268.788 137.965 275.022 139.649 281.261 141.315 C 283.044 141.791 284.826 142.268 286.608 142.749 C 287.763 143.057 288.917 143.366 290.072 143.674 C 290.595 143.813 291.116 143.953 291.655 144.097 C 295.057 145.007 298.468 145.878 301.887 146.721 C 301.529 148.314 301.025 149.282 300.052 150.601 C 297.002 155.034 295.68 160.151 296.11 165.494 C 296.511 167.603 297.019 169.673 297.554 171.752 C 292.884 171.449 288.258 170.919 283.619 170.308 C 282.893 170.217 282.167 170.12 281.442 170.029 C 279.545 169.783 277.648 169.533 275.751 169.283 C 272.732 168.888 269.712 168.498 266.691 168.103 C 265.965 168.012 265.238 167.916 264.511 167.824 C 259.82 167.213 255.128 166.635 250.421 166.154 C 249.238 166.014 248.152 165.826 247.01 165.494 C 247.341 163.911 247.928 162.587 248.635 161.133 C 252.683 152.367 252.575 143.568 249.568 134.475 C 249.359 133.911 249.15 133.343 248.935 132.761 Z" style="stroke: rgb(255, 255, 255); stroke-linecap: square; stroke-miterlimit: 1;" fill="#000000" transform="matrix(0.9999999999999999, 0, 0, 0.9999999999999999, 0, -7.105427357601002e-15)"/>
  <path d="M 229.199 140.944 C 231.196 143.216 231.295 145.368 231.257 148.295 C 231.067 150.182 230.499 151.13 229.199 152.497 C 226.774 154.379 224.836 154.736 221.779 154.606 C 219.214 154.23 218.042 153.007 216.503 151.024 C 215.331 148.738 215.347 146.331 215.721 143.832 C 216.906 141.416 218.58 139.539 221.166 138.629 C 224.467 138.398 226.612 138.836 229.199 140.944 Z" style="stroke: rgb(255, 255, 255); stroke-linecap: square; stroke-miterlimit: 1; stroke-width: 0px;" fill="#000000" transform="matrix(0.9999999999999999, 0, 0, 0.9999999999999999, 0, -7.105427357601002e-15)"/>
  <path d="M 198.873 162.606 C 201.622 164.869 201.622 164.869 202.874 166.154 C 209.501 172.628 217.644 175.545 226.792 176.085 C 225.889 178.91 224.877 181.656 223.709 184.384 C 223.554 184.749 223.399 185.115 223.239 185.491 C 222.91 186.268 222.58 187.045 222.249 187.821 C 221.383 189.854 220.522 191.89 219.662 193.925 C 219.405 194.534 219.405 194.534 219.142 195.154 C 216.822 200.648 214.58 206.174 212.351 211.706 C 210.341 210.576 208.399 209.412 206.485 208.126 C 199.18 203.491 189.869 201.114 181.28 203.011 C 180.174 203.271 179.076 203.545 177.979 203.843 C 175.42 204.53 175.42 204.53 173.841 204.004 C 179.224 194.972 179.224 194.972 181.814 190.887 C 184.492 186.65 187.025 182.326 189.578 178.015 C 192.633 172.85 195.719 167.709 198.873 162.606 Z" style="stroke: rgb(255, 255, 255); stroke-linecap: square; stroke-miterlimit: 1;" fill="#000000" transform="matrix(0.9999999999999999, 0, 0, 0.9999999999999999, 0, -7.105427357601002e-15)"/>
  <path d="M 313.321 183.611 C 313.94 183.611 313.94 183.611 314.571 183.611 C 315.442 183.612 316.313 183.617 317.184 183.624 C 318.521 183.636 319.857 183.634 321.194 183.631 C 322.039 183.634 322.885 183.637 323.731 183.642 C 324.132 183.641 324.533 183.641 324.946 183.64 C 327.77 183.675 327.77 183.675 328.844 184.749 C 328.997 186.228 328.997 186.228 329.043 188.107 C 329.053 188.437 329.062 188.767 329.071 189.107 C 329.1 190.161 329.122 191.216 329.144 192.271 C 329.163 192.985 329.182 193.7 329.201 194.414 C 329.247 196.167 329.287 197.919 329.325 199.672 C 330.025 199.761 330.025 199.761 330.739 199.852 C 331.225 199.952 331.712 200.051 332.213 200.153 C 332.9 201.526 332.758 202.716 332.755 204.245 C 332.757 205.086 332.757 205.086 332.759 205.945 C 332.695 207.374 332.695 207.374 332.213 208.337 C 330.902 208.536 330.902 208.536 329.295 208.638 C 328.763 208.673 328.231 208.709 327.684 208.746 C 327.272 208.77 326.861 208.793 326.437 208.818 C 326.424 209.69 326.415 210.563 326.407 211.435 C 326.401 211.921 326.395 212.407 326.39 212.908 C 326.299 214.084 326.299 214.084 326.918 214.595 C 327.243 214.61 327.568 214.625 327.903 214.641 C 332.849 214.984 335.304 218.137 338.501 221.544 C 339.048 222.108 339.595 222.671 340.144 223.234 C 345.142 228.392 345.142 228.392 345.376 230.59 C 345.186 232.668 344.52 234.146 343.522 235.935 C 343.347 236.26 343.172 236.586 342.992 236.922 C 342.434 237.957 341.867 238.987 341.299 240.017 C 340.929 240.702 340.559 241.389 340.19 242.075 C 334.692 252.254 334.692 252.254 332.695 253.586 C 331.134 253.752 330.126 253.733 328.693 253.074 C 327.522 251.729 327.358 250.505 327.399 248.772 C 327.837 246.639 328.459 244.568 329.084 242.484 C 329.416 241.377 329.742 240.268 330.062 239.158 C 330.209 238.67 330.356 238.182 330.507 237.679 C 330.931 235.375 330.547 233.833 329.415 231.804 C 328.352 230.467 327.992 230.077 326.437 229.517 C 325.185 229.425 323.987 229.382 322.736 229.389 C 322.38 229.388 322.024 229.387 321.658 229.386 C 320.907 229.386 320.156 229.387 319.405 229.391 C 318.257 229.397 317.111 229.391 315.963 229.385 C 315.232 229.386 314.502 229.387 313.771 229.389 C 313.429 229.387 313.087 229.385 312.734 229.383 C 310.972 229.4 309.608 229.45 308.145 230.48 C 306.742 232.299 306.043 233.583 306.189 235.895 C 306.609 238.803 307.451 241.646 308.275 244.462 C 308.979 246.947 309.311 249.074 309.107 251.66 C 308.115 252.894 308.115 252.894 306.7 253.586 C 305.046 253.736 305.046 253.736 303.331 253.104 C 300.452 249.87 298.55 245.443 296.523 241.638 C 295.927 240.524 295.322 239.416 294.717 238.307 C 294.334 237.593 293.953 236.878 293.572 236.162 C 293.391 235.835 293.211 235.508 293.025 235.171 C 291.92 233.062 291.468 231.47 291.778 229.036 C 292.348 228.041 292.348 228.041 293.166 227.213 C 293.474 226.892 293.783 226.571 294.1 226.239 C 294.446 225.891 294.792 225.543 295.147 225.185 C 295.908 224.363 296.67 223.541 297.43 222.719 C 298.252 221.865 299.076 221.012 299.901 220.16 C 300.309 219.723 300.716 219.285 301.136 218.833 C 304.55 215.333 304.55 215.333 307.155 215.119 C 307.497 215.133 307.838 215.146 308.19 215.16 C 309.156 215.151 309.156 215.151 309.94 214.456 C 310.949 213.095 310.726 211.893 310.551 210.262 C 309.775 209.205 309.326 208.865 308.036 208.588 C 307.654 208.565 307.274 208.541 306.881 208.517 C 304.815 208.377 304.815 208.377 304.294 207.855 C 304.258 206.637 304.249 205.433 304.264 204.215 C 304.266 203.872 304.268 203.53 304.27 203.178 C 304.276 202.33 304.284 201.482 304.294 200.635 C 305.247 200.158 306.2 199.682 307.182 199.191 C 307.189 198.775 307.196 198.36 307.203 197.932 C 307.232 196.389 307.268 194.848 307.308 193.305 C 307.324 192.638 307.338 191.971 307.349 191.304 C 307.365 190.344 307.391 189.384 307.417 188.425 C 307.43 187.848 307.442 187.271 307.455 186.676 C 307.945 183.275 310.412 183.579 313.321 183.611 Z" style="stroke: rgb(255, 255, 255); stroke-linecap: square; stroke-miterlimit: 1;" fill="#000000" transform="matrix(0.9999999999999999, 0, 0, 0.9999999999999999, 0, -7.105427357601002e-15)"/>
  <path d="M 362.781 193.805 C 363.296 193.799 363.812 193.793 364.343 193.787 C 364.835 193.786 365.327 193.785 365.834 193.784 C 366.287 193.782 366.74 193.78 367.206 193.778 C 368.316 193.895 368.316 193.895 369.279 194.858 C 369.469 195.902 369.469 195.902 369.563 197.195 C 369.598 197.673 369.633 198.151 369.67 198.643 C 369.819 201.124 369.939 203.605 370.038 206.089 C 370.062 206.664 370.086 207.239 370.11 207.831 C 370.176 209.411 370.241 210.991 370.305 212.572 C 370.374 214.282 370.445 215.992 370.516 217.703 C 370.655 221.048 370.792 224.394 370.928 227.739 C 371.039 230.461 371.151 233.183 371.263 235.905 C 371.287 236.488 371.287 236.488 371.311 237.082 C 371.344 237.871 371.376 238.66 371.409 239.449 C 371.712 246.841 372.015 254.233 372.317 261.626 C 372.592 268.373 372.869 275.121 373.147 281.868 C 373.434 288.81 373.719 295.753 374.002 302.696 C 374.035 303.483 374.067 304.27 374.099 305.057 C 374.115 305.444 374.131 305.831 374.147 306.23 C 374.258 308.944 374.37 311.658 374.482 314.372 C 374.619 317.686 374.755 321.001 374.889 324.315 C 374.957 326.003 375.026 327.691 375.096 329.378 C 375.747 345.035 375.747 345.035 375.537 349.379 C 374.712 350.204 373.665 349.92 372.564 349.924 C 372.203 349.922 371.842 349.921 371.47 349.92 C 371.089 349.92 370.707 349.921 370.314 349.921 C 369.018 349.923 367.722 349.92 366.427 349.918 C 365.495 349.918 364.564 349.919 363.632 349.919 C 361.059 349.921 358.486 349.919 355.913 349.917 C 353.143 349.914 350.373 349.915 347.603 349.916 C 342.8 349.916 337.997 349.914 333.194 349.911 C 326.249 349.907 319.305 349.906 312.36 349.905 C 301.094 349.905 289.828 349.901 278.562 349.897 C 267.615 349.892 256.668 349.889 245.722 349.887 C 245.384 349.887 245.047 349.887 244.7 349.887 C 241.313 349.886 237.926 349.885 234.54 349.885 C 227.64 349.884 220.741 349.882 213.842 349.881 C 213.208 349.881 212.574 349.88 211.922 349.88 C 191.044 349.876 170.168 349.868 149.291 349.861 C 149.291 343.507 149.395 347.412 149.395 340.866 C 151.006 341.3 163.201 341.043 163.27 341.071 C 163.428 341.135 163.464 334.872 163.561 334.882 C 167.353 335.271 174.809 334.828 178.055 334.793 C 178.546 334.788 178.542 328.639 178.792 329.079 C 178.867 329.211 265.713 329.708 277.818 329.643 C 277.819 328.853 277.819 328.853 277.82 328.048 C 277.828 323.089 277.849 318.131 277.881 313.173 C 277.898 310.624 277.91 308.075 277.912 305.526 C 277.914 303.066 277.928 300.606 277.95 298.147 C 277.956 297.208 277.958 296.269 277.956 295.331 C 277.953 294.016 277.966 292.703 277.982 291.389 C 277.976 290.805 277.976 290.805 277.97 290.21 C 278.008 288.331 278.105 287.481 279.441 286.113 C 279.858 285.863 280.276 285.614 280.706 285.357 C 281.137 285.091 281.567 284.826 282.011 284.553 C 282.48 284.289 282.949 284.026 283.433 283.754 C 283.967 283.452 284.501 283.15 285.052 282.839 C 285.475 282.601 285.475 282.601 285.907 282.359 C 287.412 281.514 288.912 280.662 290.413 279.809 C 290.722 279.633 291.031 279.458 291.35 279.277 C 295.29 277.034 299.182 274.71 303.074 272.385 C 303.586 272.08 304.098 271.775 304.625 271.46 C 305.073 271.192 305.522 270.923 305.984 270.646 C 308.843 268.99 308.843 268.99 311.033 268.99 C 311.581 270.635 311.569 271.894 311.561 273.628 C 311.56 274.254 311.558 274.879 311.557 275.523 C 311.553 276.183 311.548 276.843 311.544 277.504 C 311.542 278.17 311.54 278.836 311.538 279.502 C 311.532 281.132 311.524 282.763 311.514 284.394 C 314.72 283.469 317.44 282.156 320.299 280.452 C 321.179 279.94 322.06 279.428 322.941 278.918 C 323.656 278.503 323.656 278.503 324.385 278.079 C 327.061 276.535 329.752 275.017 332.452 273.513 C 333.072 273.167 333.69 272.819 334.308 272.47 C 335.181 271.976 336.057 271.487 336.935 271 C 337.44 270.717 337.945 270.433 338.466 270.141 C 339.938 269.461 341.2 269.175 342.803 268.99 C 343.333 270.579 343.384 271.849 343.437 273.523 C 343.457 274.127 343.477 274.73 343.498 275.352 C 343.517 275.983 343.536 276.613 343.556 277.263 C 343.577 277.906 343.597 278.549 343.618 279.192 C 343.67 280.765 343.719 282.339 343.766 283.912 C 345.727 283.561 347.19 282.984 348.941 282.017 C 349.405 281.764 349.87 281.512 350.348 281.251 C 351.521 280.644 351.521 280.644 351.95 279.58 C 352.04 278.508 352.102 277.433 352.15 276.359 C 352.166 276.024 352.182 275.689 352.198 275.343 C 352.251 274.216 352.301 273.088 352.35 271.96 C 352.387 271.154 352.424 270.347 352.462 269.541 C 352.542 267.801 352.621 266.062 352.699 264.322 C 352.822 261.571 352.949 258.82 353.076 256.069 C 353.322 250.724 353.565 245.379 353.807 240.034 C 354.116 233.237 354.426 226.44 354.739 219.643 C 354.865 216.908 354.989 214.174 355.112 211.44 C 355.188 209.737 355.267 208.035 355.345 206.332 C 355.381 205.543 355.417 204.754 355.452 203.965 C 355.5 202.887 355.549 201.809 355.6 200.73 C 355.627 200.128 355.654 199.525 355.683 198.903 C 355.794 197.358 355.936 195.887 356.282 194.377 C 358.209 193.413 360.662 193.806 362.781 193.805 Z M 295.629 303.649 C 295.629 307.779 295.629 311.909 295.629 316.164 C 299.759 316.164 303.889 316.164 308.145 316.164 C 308.145 312.034 308.145 307.904 308.145 303.649 C 304.014 303.649 299.884 303.649 295.629 303.649 Z M 318.253 303.649 C 318.253 307.779 318.253 311.909 318.253 316.164 C 322.384 316.164 326.514 316.164 330.769 316.164 C 330.769 312.034 330.769 307.904 330.769 303.649 C 326.639 303.649 322.509 303.649 318.253 303.649 Z M 340.397 304.13 C 340.355 305.022 340.345 305.916 340.349 306.809 C 340.351 307.297 340.352 307.784 340.353 308.287 C 340.358 308.911 340.362 309.535 340.367 310.177 C 340.376 312.153 340.386 314.129 340.397 316.164 C 344.686 316.164 348.975 316.164 353.394 316.164 C 353.394 312.034 353.394 307.904 353.394 303.649 C 351.339 303.639 349.283 303.629 347.166 303.618 C 346.517 303.614 345.868 303.61 345.199 303.605 C 344.692 303.604 344.185 303.603 343.663 303.602 C 343.141 303.599 342.619 303.596 342.081 303.594 C 340.907 303.512 340.907 303.512 340.397 304.13 Z" style="stroke-miterlimit: 1; stroke-linecap: round; stroke: rgb(0, 0, 0); fill: url(&quot;#gradient-0-1&quot;); stroke-width: 0px;" transform="matrix(0.9999999999999999, 0, 0, 0.9999999999999999, 0, -7.105427357601002e-15)"/>
  <path d="M 192.795 225.93 C 195.715 227.643 197.214 230.002 198.149 233.19 C 198.979 236.969 198.099 240.015 196.195 243.289 C 193.617 245.735 190.818 246.954 187.259 247.08 C 183.711 246.907 181.362 245.867 178.956 243.259 C 176.695 240.353 176.369 237.403 176.729 233.812 C 177.31 231.373 178.287 229.317 180.099 227.554 C 183.986 225.225 188.461 223.94 192.795 225.93 Z" style="stroke: rgb(255, 255, 255); stroke-linecap: square; stroke-miterlimit: 1; stroke-width: 0px;" fill="#000000" transform="matrix(0.9999999999999999, 0, 0, 0.9999999999999999, 0, -7.105427357601002e-15)"/>
  <path d="M 222.46 232.887 C 224.009 234.8 225.498 236.752 226.973 238.723 C 227.223 239.057 227.473 239.391 227.731 239.734 C 229.097 241.559 230.455 243.39 231.801 245.229 C 234.572 249.011 237.369 252.761 240.271 256.444 C 250.307 269.231 258.563 280.095 258.563 296.91 C 237.118 296.91 215.673 296.91 193.577 296.91 C 193.419 292.62 193.26 288.331 193.096 283.912 C 191.563 280.847 190.361 278.958 188.188 276.494 C 187.121 274.962 186.786 273.687 186.357 271.878 C 187.221 271.763 187.221 271.763 188.104 271.647 C 198.828 270.146 208.008 266.854 215.119 258.249 C 219.489 252.333 221.094 246.036 221.828 238.844 C 221.922 237.981 221.922 237.981 222.017 237.1 C 222.169 235.696 222.316 234.291 222.46 232.887 Z" style="fill: url(&quot;#gradient-1&quot;); stroke: rgb(255, 255, 255); stroke-linecap: square; stroke-miterlimit: 1;" transform="matrix(0.9999999999999999, 0, 0, 0.9999999999999999, 0, -7.105427357601002e-15)"/>
  <path d="M 242.616 301.683 C 245.553 301.664 248.49 301.65 251.427 301.639 C 252.544 301.635 253.663 301.629 254.78 301.623 C 256.284 301.614 257.787 301.612 259.291 301.612 C 259.916 301.607 259.916 301.607 260.553 301.601 C 263.94 301.614 267.216 301.888 269.815 304.28 C 270.127 304.557 270.438 304.832 270.759 305.117 C 275.09 310.191 272.523 320.138 272.523 324.829 C 241.546 324.829 210.57 324.829 178.655 324.829 C 179.136 307.018 179.136 307.018 182.024 303.649 C 184.453 301.976 186.685 301.992 189.533 301.996 C 189.993 301.991 190.452 301.987 190.925 301.981 C 192.449 301.967 193.973 301.963 195.497 301.958 C 196.574 301.95 197.651 301.941 198.729 301.932 C 201.603 301.909 204.479 301.894 207.354 301.882 C 210.309 301.868 213.263 301.847 216.218 301.827 C 221.406 301.793 226.593 301.767 231.781 301.744 C 235.393 301.729 239.005 301.708 242.616 301.683 Z" style="stroke: rgb(255, 255, 255); stroke-linecap: square; stroke-miterlimit: 1;" fill="#000000" transform="matrix(0.9999999999999999, 0, 0, 0.9999999999999999, 0, -7.105427357601002e-15)"/>
  <path style="stroke: rgb(255, 255, 255); stroke-linecap: square; stroke-width: 1.718px; stroke-miterlimit: 1;" transform="matrix(0.5820719599723816, 0, 0, 0.5820719599723816, -11.971962928771973, -44.619075775146484)" d="M 562.382 325 L 571.618 325 L 573.318 332.192 A 25.6 25.6 0 0 1 580.075 334.991 L 586.362 331.107 L 592.893 337.638 L 589.009 343.925 A 25.6 25.6 0 0 1 591.808 350.682 L 599 352.382 L 599 361.618 L 591.808 363.318 A 25.6 25.6 0 0 1 589.009 370.075 L 592.893 376.362 L 586.362 382.893 L 580.075 379.009 A 25.6 25.6 0 0 1 573.318 381.808 L 571.618 389 L 562.382 389 L 560.682 381.808 A 25.6 25.6 0 0 1 553.925 379.009 L 547.638 382.893 L 541.107 376.362 L 544.991 370.075 A 25.6 25.6 0 0 1 542.192 363.318 L 535 361.618 L 535 352.382 L 542.192 350.682 A 25.6 25.6 0 0 1 544.991 343.925 L 541.107 337.638 L 547.638 331.107 L 553.925 334.991 A 25.6 25.6 0 0 1 560.682 332.192 Z M 567 342.28 A 14.72 14.72 0 0 0 567 371.72 A 14.72 14.72 0 0 0 567 342.28" bx:shape="cog 567 357 14.72 25.6 32 0.27 8 1@81b0af8a"/>
  <path style="stroke: rgb(255, 255, 255); stroke-linecap: square; stroke-width: 1.29355px; stroke-miterlimit: 1;" transform="matrix(0.7730640172958374, 0, 0, 0.7730640172958374, -214.85122680664062, -129.39231872558594)" d="M 562.382 325 L 571.618 325 L 573.318 332.192 A 25.6 25.6 0 0 1 580.075 334.991 L 586.362 331.107 L 592.893 337.638 L 589.009 343.925 A 25.6 25.6 0 0 1 591.808 350.682 L 599 352.382 L 599 361.618 L 591.808 363.318 A 25.6 25.6 0 0 1 589.009 370.075 L 592.893 376.362 L 586.362 382.893 L 580.075 379.009 A 25.6 25.6 0 0 1 573.318 381.808 L 571.618 389 L 562.382 389 L 560.682 381.808 A 25.6 25.6 0 0 1 553.925 379.009 L 547.638 382.893 L 541.107 376.362 L 544.991 370.075 A 25.6 25.6 0 0 1 542.192 363.318 L 535 361.618 L 535 352.382 L 542.192 350.682 A 25.6 25.6 0 0 1 544.991 343.925 L 541.107 337.638 L 547.638 331.107 L 553.925 334.991 A 25.6 25.6 0 0 1 560.682 332.192 Z M 567 342.28 A 14.72 14.72 0 0 0 567 371.72 A 14.72 14.72 0 0 0 567 342.28" bx:shape="cog 567 357 14.72 25.6 32 0.27 8 1@81b0af8a"/>
  <path style="stroke: rgb(255, 255, 255); stroke-linecap: square; stroke-width: 1.00873px; stroke-miterlimit: 1;" transform="matrix(0.9913409948348998, 0, 0, 0.9913409948348998, -374.4115905761719, -117.80489349365234)" d="M 562.382 325 L 571.618 325 L 573.318 332.192 A 25.6 25.6 0 0 1 580.075 334.991 L 586.362 331.107 L 592.893 337.638 L 589.009 343.925 A 25.6 25.6 0 0 1 591.808 350.682 L 599 352.382 L 599 361.618 L 591.808 363.318 A 25.6 25.6 0 0 1 589.009 370.075 L 592.893 376.362 L 586.362 382.893 L 580.075 379.009 A 25.6 25.6 0 0 1 573.318 381.808 L 571.618 389 L 562.382 389 L 560.682 381.808 A 25.6 25.6 0 0 1 553.925 379.009 L 547.638 382.893 L 541.107 376.362 L 544.991 370.075 A 25.6 25.6 0 0 1 542.192 363.318 L 535 361.618 L 535 352.382 L 542.192 350.682 A 25.6 25.6 0 0 1 544.991 343.925 L 541.107 337.638 L 547.638 331.107 L 553.925 334.991 A 25.6 25.6 0 0 1 560.682 332.192 Z M 567 342.28 A 14.72 14.72 0 0 0 567 371.72 A 14.72 14.72 0 0 0 567 342.28" bx:shape="cog 567 357 14.72 25.6 32 0.27 8 1@81b0af8a"/>
  <path d="M 321.84 159.275 C 323.174 160.793 323.24 162.23 323.214 164.184 C 323.087 165.444 322.708 166.077 321.84 166.99 C 320.221 168.247 318.927 168.485 316.885 168.398 C 315.172 168.147 314.39 167.331 313.362 166.006 C 312.579 164.48 312.59 162.873 312.84 161.204 C 313.631 159.591 314.749 158.337 316.476 157.73 C 318.68 157.575 320.113 157.868 321.84 159.275 Z" style="stroke: rgb(255, 255, 255); stroke-linecap: square; stroke-miterlimit: 1; stroke-width: 0px;" fill="#000000" transform="matrix(0.9999999999999999, 0, 0, 0.9999999999999999, 0, -7.105427357601002e-15)"/>
  <path style="stroke-linecap: square; stroke-miterlimit: 1; stroke-width: 3.95434px; stroke: rgb(166, 158, 158);" transform="matrix(0.2528870105743408, 0, 0, 0.2528870105743408, 174.68930053710932, 149.66461181640625)" d="M 562.382 325 L 571.618 325 L 573.318 332.192 A 25.6 25.6 0 0 1 580.075 334.991 L 586.362 331.107 L 592.893 337.638 L 589.009 343.925 A 25.6 25.6 0 0 1 591.808 350.682 L 599 352.382 L 599 361.618 L 591.808 363.318 A 25.6 25.6 0 0 1 589.009 370.075 L 592.893 376.362 L 586.362 382.893 L 580.075 379.009 A 25.6 25.6 0 0 1 573.318 381.808 L 571.618 389 L 562.382 389 L 560.682 381.808 A 25.6 25.6 0 0 1 553.925 379.009 L 547.638 382.893 L 541.107 376.362 L 544.991 370.075 A 25.6 25.6 0 0 1 542.192 363.318 L 535 361.618 L 535 352.382 L 542.192 350.682 A 25.6 25.6 0 0 1 544.991 343.925 L 541.107 337.638 L 547.638 331.107 L 553.925 334.991 A 25.6 25.6 0 0 1 560.682 332.192 Z M 567 342.28 A 14.72 14.72 0 0 0 567 371.72 A 14.72 14.72 0 0 0 567 342.28" bx:shape="cog 567 357 14.72 25.6 32 0.27 8 1@81b0af8a"/>
  <text style="fill: rgb(255, 150, 13); font-family: Arial, sans-serif; font-size: 38.5px; font-weight: 700; stroke: rgb(255, 134, 0); stroke-linecap: square; stroke-miterlimit: 1; stroke-width: 0px; white-space: pre;" transform="matrix(0.3901289999485016, 0, 0, 0.3619120121002197, 111.1321182250976, 215.27897644042963)" x="188.323" y="285.811" dx="4.597" dy="0.991">DOMOTICS</text>
</svg>
